usuario@ubuntu:~/daa/Multi-Source-Capacitated-Facility-Location-Problem-with-Customer-Incompatibilities_Javier-Acosta$ ./practice5_DAA inputs/wlp01.dzn grasp
Instancia       |LRC|   Ejec.   |J_open|  C. Fijo     C. Asig.    C. Total    Incomp.   CPU_Time    
----------------------------------------------------------------------------------------------------
wlp01.dzn       2       1       34        18170.00    18974.00    37144.00    0         13.942868   
wlp01.dzn       2       2       36        19050.00    17151.00    36201.00    0         17.987823   
wlp01.dzn       2       3       34        17900.00    18680.00    36580.00    0         15.451581   
wlp01.dzn       2       4       34        17900.00    17780.00    35680.00    0         13.515031   
wlp01.dzn       2       5       35        18140.00    17926.00    36066.00    0         16.368140   
wlp01.dzn       2       6       35        18320.00    16964.00    35284.00    0         19.553029   
wlp01.dzn       2       7       35        18320.00    18093.00    36413.00    0         14.596694   
wlp01.dzn       2       8       36        19370.00    17240.00    36610.00    0         14.195053   
wlp01.dzn       2       9       36        19080.00    17718.00    36798.00    0         12.681491   
wlp01.dzn       2       10      34        18350.00    17827.00    36177.00    0         14.624664   
----------------------------------------------------------------------------------------------------